5.643326
7.980869
9.774528
11.286653
12.618862
13.823270
14.930838
15.961738
16.929979
17.845765
18.716797
19.549056
20.347303
21.115394
21.856509
22.573306
23.268031
23.942607
24.598690
25.237723
25.860971
26.469547
27.064443
27.646541
28.216632
28.775432
29.323585
29.861677
30.390243
30.909772
31.420712
31.923475
32.418442
32.905965
33.386370
33.859959
34.327015
34.787801
35.242563
35.691531
36.134921
36.572936
37.005766
37.433593
37.856585
38.274902
38.688697
39.098113
39.503285
39.904344
40.301412
40.694606
41.084037
41.469811
41.852029
42.230788
42.606181
42.978294
43.347213
43.713019
44.075789
44.435597
44.792515
45.146612
45.497953
45.846601
46.192618
46.536062
46.876990
47.215457
47.551514
47.885213
48.216603
48.545730
48.872641
49.197380
49.519989
49.840510
50.158983
50.475447
50.789938
51.102495
51.413151
51.721942
52.028899
52.334057
52.637445
52.939095
53.239036
53.537296
53.833904
54.128886
54.422270
54.714080
55.004343
55.293081
55.580320
55.866082
56.150390
56.433265
56.714729
56.994804
57.273509
57.550864
57.826889
58.101602
58.375023
58.647169
58.918058
59.187707
59.456134
59.723354
59.989383
60.254238
60.517934
60.780486
61.041909
61.302217
61.561424
61.819544
62.076591
62.332578
62.587518
62.841424
63.094308
63.346183
63.597060
63.846951
64.095868
64.343822
64.590824
64.836885
65.082016
65.326227
65.569528
65.811930
66.053443
66.294076
66.533838
66.772739
67.010789
67.247996
67.484370
67.719918
67.954650
68.188573
68.421697
68.654030
68.885579
69.116352
69.346357
69.575602
69.804093
70.031840
70.258848
70.485125
70.710678
70.935514
71.159639
71.383061
71.605786
71.827820
72.049169
72.269841
72.489841
72.709176
72.927850
73.145871
73.363244
73.579975
73.796069
74.011533
74.226371
74.440589
74.654192
74.867186
75.079576
75.291366
75.502562
75.713170
75.923193
76.132637
76.341506
76.549805
76.757539
76.964712
77.171329
77.377394
77.582912
77.787887
77.992324
78.196225
78.399597
78.602442
78.804766
79.006571
79.207862
79.408642
79.608917
79.808688
80.007961
80.206739
80.405026
80.602824
80.800139
80.996972
81.193329
81.389212
81.584625
81.779570
81.974052
82.168074
82.361638
82.554749
82.747409
82.939622
83.131390
83.322717
83.513605
83.704059
83.894079
84.083671
84.272836
84.461577
84.649897
84.837800
85.025287
85.212361
85.399026
85.585284
85.771137
85.956588
86.141640
86.326296
86.510557
86.694426
86.877907
87.061001
87.243710
87.426038
87.607986
87.789557
87.970754
88.151578
88.332031
88.512117
88.691837
88.871194
89.050190
89.228826
89.407106
89.585031
89.762603
89.939824
90.116697
90.293224
90.469406
90.645245
90.820745
90.995905
91.170729
91.345219
91.519376
91.693202
91.866699
92.039870
92.212714
92.385236
92.557436
92.729316
92.900879
93.072125
93.243056
93.413675
93.583983
93.753981
93.923671
94.093056
94.262136
94.430914
94.599390
94.767567
94.935446
95.103028
95.270316
95.437311
95.604013
95.770426
95.936550
96.102387
96.267938
96.433205
96.598189
96.762892
96.927315
97.091460
97.255327
97.418919
97.582237
97.745282
97.908055
98.070558
98.232793
98.394759
98.556460
98.717896
98.879068
99.039978
99.200627
99.361016
99.521146
99.681020
99.840637
100.000000
100.159109
100.317966
100.476571
100.634927
100.793034
100.950893
101.108506
101.265873
101.422996
101.579877
101.736515
101.892912
102.049070
102.204989
102.360671
102.516116
102.671326
102.826302
102.981045
103.135555
103.289834
103.443883
103.597703
103.751295
103.904660
104.057799
104.210713
104.363402
104.515869
104.668114
104.820137
104.971940
105.123525
105.274890
105.426039
105.576971
105.727688
105.878190
106.028478
106.178554
106.328418
106.478071
106.627514
106.776748
106.925773
107.074592
107.223203
107.371609
107.519810
107.667807
107.815601
107.963193
108.110583
108.257772
108.404762
108.551552
108.698145
108.844539
108.990738
109.136740
109.282547
109.428160
109.573580
109.718807
109.863842
110.008685
110.153338
110.297802
110.442076
110.586163
110.730061
110.873773
111.017299
111.160640
111.303796
111.446768
111.589557
111.732164
111.874589
112.016832
112.158895
112.300779
112.442484
112.584010
112.725358
112.866530
113.007525
113.148344
113.288988
113.429458
113.569755
113.709878
113.849828
113.989607
114.129215
114.268652
114.407919
114.547017
114.685946
114.824707
114.963301
115.101727
115.239988
115.378082
115.516012
115.653777
115.791378
115.928816
116.066091
116.203204
116.340156
116.476946
116.613576
116.750046
116.886357
117.022509
117.158502
117.294338
117.430017
117.565539
117.700906
117.836116
117.971172
118.106073
118.240821
118.375415
118.509856
118.644145
118.778282
118.912268
119.046103
119.179787
119.313322
119.446707
119.579944
119.713033
119.845973
119.978767
120.111413
120.243913
120.376268
120.508477
120.640541
120.772461
120.904236
121.035869
121.167358
121.298705
121.429910
121.560973
121.691895
121.822676
121.953317
122.083818
122.214180
122.344403
122.474487
122.604434
122.734242
122.863914
122.993449
123.122848
123.252111
123.381238
123.510231
123.639088
123.767812
123.896402
124.024859
124.153183
124.281374
124.409433
124.537360
124.665157
124.792822
124.920357
125.047762
125.175037
125.302183
125.429199
125.556088
125.682848
125.809481
125.935986
126.062365
126.188616
126.314742
126.440742
126.566616
126.692365
126.817990
126.943490
127.068866
127.194119
127.319249
127.444255
127.569139
127.693902
127.818542
127.943061
128.067458
128.191735
128.315892
128.439929
128.563846
128.687643
128.811322
128.934882
129.058324
129.181648
129.304854
129.427943
129.550915
129.673770
129.796509
129.919132
130.041640
130.164032
130.286309
130.408471
130.530520
130.652454
130.774274
130.895981
131.017576
131.139057
131.260426
131.381683
131.502827
131.623861
131.744783
131.865595
131.986295
132.106886
132.227366
132.347737
132.467999
132.588151
132.708195
132.828130
132.947957
133.067676
133.187287
133.306791
133.426188
133.545479
133.664663
133.783740
133.902712
134.021578
134.140339
134.258995
134.377546
134.495992
134.614335
134.732573
134.850708
134.968739
135.086667
135.204492
135.322215
135.439836
135.557354
135.674770
135.792085
135.909299
136.026412
136.143424
136.260335
136.377147
136.493858
136.610470
136.726982
136.843395
136.959709
137.075924
137.192041
137.308059
137.423980
137.539803
137.655529
137.771157
137.886688
138.002123
138.117461
138.232703
138.347849
138.462899
138.577854
138.692714
138.807478
138.922147
139.036722
139.151203
139.265590
139.379882
139.494081
139.608187
139.722199
139.836119
139.949946
140.063680
140.177322
140.290872
140.404330
140.517696
140.630971
140.744155
140.857248
140.970250
141.083162
141.195983
141.308715
141.421356
141.533908
141.646370
141.758744
141.871028
141.983223
142.095330
142.207348
142.319279
142.431121
142.542875
142.654542
142.766122
142.877615
142.989020
143.100339
143.211571
143.322717
143.433777
143.544751
143.655639
143.766442
143.877159
143.987791
144.098339
144.208801
144.319179
144.429473
144.539682
144.649808
144.759849
144.869808
144.979682
145.089474
145.199182
145.308808
145.418351
145.527812
145.637190
145.746486
145.855700
145.964833
146.073884
146.182854
146.291742
146.400550
146.509277
146.617923
146.726488
146.834974
146.943379
147.051705
147.159950
147.268116
147.376203
147.484211
147.592139
147.699989
147.807759
147.915452
148.023066
148.130602
148.238060
148.345440
148.452742
148.559967
148.667114
148.774184
148.881178
148.988094
149.094934
149.201697
149.308384
149.414995
149.521530
149.627989
149.734372
149.840680
149.946912
150.053069
150.159151
150.265158
150.371091
150.476949
150.582732
150.688441
150.794076
150.899638
151.005125
151.110539
151.215879
151.321146
151.426340
151.531460
151.636508
151.741483
151.846386
151.951216
152.055974
152.160659
152.265273
152.369815
152.474285
152.578684
152.683011
152.787267
152.891452
152.995566
153.099610
153.203582
153.307484
153.411316
153.515077
153.618769
153.722390
153.825942
153.929424
154.032836
154.136179
154.239453
154.342658
154.445794
154.548861
154.651859
154.754789
154.857650
154.960443
155.063168
155.165825
155.268414
155.370935
155.473388
155.575775
155.678093
155.780345
155.882530
155.984647
156.086698
156.188682
156.290600
156.392451
156.494236
156.595955
156.697607
156.799194
156.900715
157.002170
157.103560
157.204885
157.306144
157.407338
157.508467
157.609531
157.710531
157.811465
157.912336
158.013141
158.113883
158.214560
158.315174
158.415723
158.516209
158.616631
158.716990
158.817285
158.917517
159.017685
159.117791
159.217833
159.317813
159.417730
159.517585
159.617377
159.717107
159.816774
159.916379
160.015923
160.115404
160.214824
160.314182
160.413478
160.512714
160.611887
160.711000
160.810051
160.909042
161.007971
161.106840
161.205649
161.304396
161.403084
161.501711
161.600277
161.698784
161.797231
161.895618
161.993945
162.092212
162.190420
162.288569
162.386658
162.484688
162.582659
162.680571
162.778424
162.876218
162.973954
163.071631
163.169249
163.266809
163.364311
163.461755
163.559140
163.656468
163.753738
163.850950
163.948104
164.045201
164.142241
164.239223
164.336148
164.433015
164.529826
164.626580
164.723277
164.819917
164.916501
165.013028
165.109499
165.205913
165.302271
165.398573
165.494819
165.591009
165.687143
165.783221
165.879244
165.975211
166.071123
166.166979
166.262780
166.358526
166.454217
166.549853
166.645434
166.740960
166.836432
166.931848
167.027211
167.122519
167.217772
167.312972
167.408117
167.503208
167.598246
167.693229
167.788159
167.883035
167.977857
168.072626
168.167342
168.262004
168.356613
168.451169
168.545671
168.640121
168.734518
168.828862
168.923154
169.017393
169.111579
169.205713
169.299794
169.393824
169.487801
169.581726
169.675599
169.769420
169.863190
169.956907
170.050573
170.144188
170.237751
170.331262
170.424722
170.518131
170.611489
170.704796
170.798052
170.891257
170.984411
171.077514
171.170567
171.263569
171.356521
171.449422
171.542273
171.635074
171.727825
171.820526
171.913176
172.005777
172.098328
172.190829
172.283280
172.375682
172.468035
172.560337
172.652591
172.744795
172.836951
172.929057
173.021114
173.113122
173.205081
173.296991
173.388853
173.480666
173.572430
173.664146
173.755814
173.847433
173.939004
174.030527
174.122001
174.213428
174.304807
174.396137
174.487420
174.578656
174.669843
174.760983
174.852076
174.943121
175.034119
175.125069
175.215972
175.306828
175.397637
175.488399
175.579115
175.669783
175.760404
175.850979
175.941507
176.031989
176.122424
176.212813
176.303155
176.393451
176.483701
176.573905
176.664063
176.754175
176.844240
176.934260
177.024235
177.114163
177.204046
177.293883
177.383675
177.473421
177.563122
177.652778
177.742389
177.831954
177.921474
178.010949
178.100380
178.189765
178.279106
178.368401
178.457653
Property 1: This property will begin eroding in year 2.
Property 2: This property will begin eroding in year 21.
END OF OUTPUT.
